Dense(bsz=1)	0.01493937492	0.1179867485	0.0150130558	1.9094229061
Dense(bsz=10)	0.02573983192	0.1916215059	0.02575499535	4.5543506032
Sparse(bsz=1)	0.01892132282	0.1127441344	0.02501973629	1.8134951308
Sparse(bsz=10)	0.02547492981	0.1878885878	0.02554474831	2.4378096293
Sparse(bsz=32)	0.07323576927	0.4407248991	0.07317553043	4.1664286202
