Dense(bsz=1)	0.09807	0.02367	0.00736
Dense(bsz=30)	0.89965	0.10589	0.01564
Sparse(bsz=1)	0.08896	0.02444	0.00723
Sparse(bsz=30)	0.30174	0.10370	0.01022
Sparse(bsz=84)	0.52286	0.14578	0.02170