Dense(bsz=1)	235.37	358.41	260.07	358.60125	260.3354167	358.5791667	3.15	11.485	7.626666667	7.103333333
Dense(bsz=10)	1460.00	358.78	1490.00	358.9377083	1490	358.944375	3.1775	15.8	24.48	7.125
Sparse(bsz=1)	222.46	358.80	238.34	358.970625	239.21625	358.9810417	3.1	13.695	7.733333333	7.19
Sparse(bsz=10)	539.5375	358.79125	484.88125	358.96375	485.4158333	358.9445833	3.16	15.7225	24.39333333	7.111666667
Sparse(bsz=32)	1308.638333	358.7485417	1261.172917	358.9295833	1261.799583	358.92375	3.3775	29.5025	65.81333333	7.136666667