Dense(bsz=1)	57.31	7.85	37.24	5.53203125	9.445	3.19625	17.86
Dense(bsz=30)	990.67	122.09	549.22	45.82083333	24.08375	3.56625	31.26
Sparse(bsz=1)	49.62	5.66	34.91	5.253283582	9.332777778	3.172777778	24.38764706
Sparse(bsz=30)	278.57	34.27	168.66	14.84692308	24.10944444	3.635	42.18333333
Sparse(bsz=84)	409.14	87.10	290.79	33.80756944	55.56777778	4.234444444	69.96277778